0	0.0201982306035
1	0.0530561718557
2	0.0530561718557
3	0.0404432344008
4	0.0404432344008
5	0.0404432344008
6	0.0787237238543
7	0.0913444525113
8	0.0913444525113
9	0.095446678571
10	0.095446678571
11	0.113500418697
12	0.113500418697
13	0.129892569885
14	0.0882070841976
15	0.169845509476
16	0.169845509476
17	0.2010841367
18	0.2010841367
19	0.203298443486
20	0.232293358411
21	0.248270695723
22	0.248270695723
23	0.216713809409
24	0.192721929237
25	0.216713809409
26	0.258344553132
27	0.27424996197
28	0.27424996197
29	0.27424996197
30	0.28744304766
31	0.312120649779
32	0.34690388347
33	0.312120649779
34	0.34690388347
35	0.300142648969
36	0.365074536513
37	0.368964769634
38	0.368964769634
39	0.368964769634
40	0.387204759403
41	0.434573568664
42	0.434573568664
43	0.411453093339
44	0.411453093339
45	0.417423697272
46	0.493444982239
47	0.493444982239
48	0.51003280736
49	0.524098805545
50	0.526003110826
51	0.526003110826
52	0.515600180472
53	0.515600180472
54	0.498736809616
55	0.556373890255
56	0.568913623548
57	0.568913623548
58	0.537476969094
59	0.537476969094
60	0.569967039097
61	0.611067649767
62	0.611067649767
63	0.611067649767
64	0.643251032728
65	0.643251032728
66	0.599945367722
67	0.588796452477
68	0.599945367722
69	0.617470827447
70	0.648209316856
71	0.674703702144
72	0.701927882969
73	0.674703702144
74	0.701927882969
75	0.730198308128
76	0.732745809984
77	0.734970354482
78	0.734970354482
79	0.740802647241
80	0.756099303807
81	0.756099303807
82	0.767099855778
83	0.731411030974
84	0.737256086179
85	0.737256086179
86	0.783360038665
87	0.783360038665
88	0.783360038665
89	0.755606564051
90	0.792742670219
91	0.755606564051
92	0.819474483839
93	0.78349537461
94	0.819811533655
95	0.842726820544
96	0.842726820544
97	0.842726820544
98	0.86743934127
99	0.86743934127
100	0.826670822338
101	0.821971136639
102	0.826670822338
103	0.887893269058
104	0.887893269058
105	0.85884094849
106	0.849297621916
107	0.85884094849
108	0.888191923388
109	0.926374867465
110	0.888191923388
111	0.85272917188
112	0.85272917188
113	0.866917814353
114	0.866917814353
115	0.808892146979
116	0.808892146979
117	0.977376783931
118	0.977376783931
119	0.996005636856
120	0.984302038637
121	0.984302038637
122	0.984302038637
123	0.975506845428
124	0.986299819858
125	0.986299819858
126	0.986299819858
127	0.990463784332
128	1.00062196903
129	1.02421685996
130	1.00062196903
131	0.950114494478
132	0.943907773119
133	0.950114494478
134	0.987702206497
135	0.990618987786
136	0.990618987786
137	1.00302860214
138	0.973342831332
139	1.00592116175
140	1.02654100006
141	1.03190886015
142	1.02654100006
143	1.03190886015
144	0.993600163098
145	1.06057665743
146	1.05107369612
147	1.07101728838
148	1.05107369612
149	0.981925880898
150	0.981925880898
151	1.00239211573
152	1.0226703566
153	1.0226703566
154	1.0226703566
155	1.01982479469
156	1.04542948075
157	1.0221383694
158	1.0221383694
159	1.00515878806
160	1.00515878806
161	1.02913702294
162	1.02913702294
163	1.02242796993
164	1.00808748861
165	1.00808748861
166	0.970731780051
167	0.970731780051
168	0.998105776285
169	0.998105776285
170	0.990439773583
171	0.990439773583
172	1.01341271208
173	1.01341271208
174	0.929284579578
175	0.929284579578
176	1.0660334503
177	1.0660334503
178	0.993527207731
179	0.957451835731
180	0.957451835731
181	0.926559974619
182	0.926559974619
183	0.914196192481
184	0.914196192481
185	0.898670198533
186	0.919442219676
187	0.898670198533
188	0.919442219676
189	0.900970599211
190	0.962084636139
191	0.936484920705
192	0.936484920705
193	0.931341384787
194	0.895676463342
195	0.916782627251
196	0.916782627251
197	0.943615590917
198	0.943615590917
199	0.964346023248
200	0.979610058062
201	0.979610058062
202	0.911732047365
203	0.910388299947
204	0.905166283869
205	0.852046396329
206	0.845253147684
207	0.845253147684
208	0.845253147684
209	0.852207231646
210	0.87843265532
211	0.87843265532
212	0.87843265532
213	0.857898755064
214	0.813558840142
215	0.813558840142
216	0.83480443038
217	0.83480443038
218	0.81690560232
219	0.801583690312
220	0.801583690312
221	0.828712046305
222	0.828712046305
223	0.828712046305
224	0.786024785135
225	0.797777200262
226	0.786024785135
227	0.797777200262
228	0.79111391965
229	0.79111391965
230	0.694850926337
231	0.694850926337
232	0.655974902833
233	0.689966507081
234	0.689966507081
235	0.689966507081
236	0.686459049104
237	0.685361119692
238	0.686459049104
239	0.726638826907
240	0.726638826907
241	0.711391313347
242	0.695003425318
243	0.643389563176
244	0.643389563176
245	0.643389563176
246	0.615489503712
247	0.615489503712
248	0.615489503712
249	0.628859022295
250	0.628859022295
251	0.632281095465
252	0.632281095465
253	0.601116937157
254	0.601116937157
255	0.562457515013
256	0.594513321714
257	0.50274852262
258	0.48872371145
259	0.48872371145
260	0.447991837882
261	0.44275722015
262	0.44275722015
263	0.461979608199
264	0.461979608199
265	0.458720359971
266	0.458720359971
267	0.48481119907
268	0.48481119907
269	0.479234131099
270	0.414983097981
271	0.414983097981
272	0.419802743763
273	0.419802743763
274	0.409304078186
275	0.359255247472
276	0.359837520498
277	0.312582857356
278	0.359837520498
279	0.372201096513
280	0.372201096513
281	0.329039013886
282	0.329039013886
283	0.329039013886
284	0.300124310385
285	0.290742775046
286	0.290742775046
287	0.290742775046
288	0.201360056129
289	0.201360056129
290	0.220383394319
291	0.270821122111
292	0.270821122111
293	0.232688001201
294	0.21462832658
295	0.21462832658
296	0.180280979158
297	0.16405595977
298	0.16405595977
299	0.16405595977
300	0.142494866533
301	0.0619517997021
302	0.0619517997021
303	0.0551109656791
304	0.121619439549
305	0.102488639421
306	0.10866787668
307	0.102488639421
308	0.0660350979038
309	0.0660350979038
310	0.0660350979038
311	0.0502030805837
312	-0.0224068485016
313	0.0502030805837
314	-0.00958134536437
315	-0.00958134536437
316	-0.0806931888914
317	-0.0806931888914
318	-0.0806931888914
319	-0.115110312779
320	-0.155028003972
321	-0.155028003972
322	-0.0664722268623
323	-0.0664722268623
324	-0.0915644341086
325	-0.0968173264691
326	-0.128964090963
327	-0.128964090963
328	-0.128964090963
329	-0.151120608155
330	-0.151120608155
331	-0.159870116156
332	-0.223218083363
333	-0.199994477242
334	-0.223218083363
335	-0.222658261518
336	-0.24557962342
337	-0.239015393792
338	-0.24557962342
339	-0.239015393792
340	-0.268618771181
341	-0.233472733539
342	-0.268618771181
343	-0.240568536018
344	-0.307932199781
345	-0.307932199781
346	-0.307932199781
347	-0.338726229832
348	-0.340255306938
349	-0.340255306938
350	-0.32603716879
351	-0.32603716879
352	-0.271582522592
353	-0.326728081728
354	-0.326728081728
355	-0.390024825085
356	-0.390024825085
357	-0.431138611896
358	-0.37481936552
359	-0.431138611896
360	-0.462648928398
361	-0.462648928398
362	-0.50457401532
363	-0.467893492975
364	-0.467893492975
365	-0.467893492975
366	-0.507722968183
367	-0.519377405988
368	-0.538653457598
369	-0.538653457598
370	-0.546564894913
371	-0.530761421284
372	-0.546564894913
373	-0.571935775588
374	-0.576428077325
375	-0.582282114011
376	-0.594757357722
377	-0.582887109938
378	-0.608611875977
379	-0.582887109938
380	-0.597680886736
381	-0.597680886736
382	-0.615185286943
383	-0.673473308561
384	-0.694161266186
385	-0.700089419637
386	-0.708171716838
387	-0.700089419637
388	-0.690194355452
389	-0.690194355452
390	-0.690194355452
391	-0.718674721697
392	-0.718674721697
393	-0.718674721697
394	-0.7567263089
395	-0.714231606816
396	-0.7567263089
397	-0.759626943455
398	-0.793923311229
399	-0.794628526185
400	-0.811865362613
401	-0.811865362613
402	-0.805884001205
403	-0.805884001205
404	-0.827345920294
405	-0.827345920294
406	-0.827345920294
407	-0.784719284694
408	-0.766578588443
409	-0.766578588443
410	-0.825083534269
411	-0.825083534269
412	-0.825083534269
413	-0.820409228035
414	-0.842956366799
415	-0.838674732568
416	-0.878464225149
417	-0.845692489594
418	-0.904712118193
419	-0.866839056321
420	-0.866839056321
421	-0.866839056321
422	-0.862858134883
423	-0.862858134883
424	-0.862858134883
425	-0.879302079622
426	-0.909644299111
427	-0.909644299111
428	-0.909644299111
429	-0.935686985523
430	-0.937554164575
431	-0.935686985523
432	-0.954251050171
433	-0.971788653091
434	-0.982818354109
435	-0.971788653091
436	-0.968705344225
437	-0.968705344225
438	-0.968705344225
439	-0.952722191062
440	-0.952722191062
441	-0.952722191062
442	-0.936781861648
443	-0.936781861648
444	-0.922894159076
445	-0.980821416719
446	-1.00697148558
447	-1.00697148558
448	-0.998425176705
449	-0.998425176705
450	-0.998905664475
451	-0.998905664475
452	-0.976967502216
453	-0.958880052108
454	-0.976967502216
455	-0.948636970409
456	-0.99223807255
457	-0.954267661885
458	-0.954267661885
459	-0.954267661885
460	-1.05633290928
461	-1.05633290928
462	-1.01417523732
463	-1.00153840057
464	-1.00153840057
465	-0.973300799225
466	-0.979923228013
467	-0.979923228013
468	-0.979923228013
469	-0.943728763211
470	-0.943728763211
471	-0.953693079017
472	-1.03505906837
473	-1.0862541746
474	-1.0583632087
475	-1.0583632087
476	-1.03059959304
477	-0.940157329707
478	-1.03059959304
479	-0.969906750028
480	-0.969906750028
481	-0.969906750028
482	-0.992485868165
483	-1.03133302527
484	-1.03133302527
485	-0.973319907604
486	-0.973319907604
487	-0.973319907604
488	-1.02270474865
489	-0.956848433866
490	-1.04414334756
491	-0.96635219066
492	-0.968365773738
493	-0.968365773738
494	-0.986479601757
495	-0.993969817023
496	-1.00067853556
497	-1.00067853556
498	-0.928747190498
499	-0.908066489377
500	-0.901433290931
501	-0.908066489377
502	-0.9413417524
503	-1.01917242268
504	-0.9413417524
505	-0.968392399931
506	-0.927696087145
507	-0.902900442814
508	-0.902900442814
509	-0.902900442814
510	-0.879798509166
511	-0.879798509166
512	-0.87996299597
513	-0.933599655554
514	-0.87996299597
515	-0.933599655554
516	-0.868543664387
517	-0.880760235962
518	-0.880760235962
519	-0.880760235962
520	-0.828450160993
521	-0.807925692918
522	-0.828450160993
523	-0.84941623862
524	-0.87226618287
525	-0.87226618287
526	-0.874867604592
527	-0.837740070494
528	-0.788986181539
529	-0.788986181539
530	-0.794304409675
531	-0.801795422611
532	-0.801795422611
533	-0.802614459709
534	-0.802614459709
535	-0.799228290589
536	-0.799228290589
537	-0.7064191153
538	-0.84387368633
539	-0.735995600104
540	-0.735995600104
541	-0.715634830686
542	-0.715634830686
543	-0.74027591078
544	-0.745881614889
545	-0.754187218005
546	-0.754187218005
547	-0.707736886489
548	-0.707736886489
549	-0.666263311636
550	-0.782502276896
551	-0.70632990069
552	-0.70632990069
553	-0.665060358776
554	-0.663884017362
555	-0.663884017362
556	-0.705205246504
557	-0.705205246504
558	-0.639130457789
559	-0.62671137393
560	-0.639130457789
561	-0.65448734296
562	-0.65448734296
563	-0.593750706304
564	-0.593750706304
565	-0.593750706304
566	-0.605490583954
567	-0.612365236495
568	-0.612365236495
569	-0.597524001923
570	-0.57600502213
571	-0.586036889293
572	-0.586036889293
573	-0.586036889293
574	-0.561038222961
575	-0.523614581913
576	-0.46876335738
577	-0.411571788019
578	-0.395713574791
579	-0.395713574791
580	-0.443775672266
581	-0.443775672266
582	-0.443775672266
583	-0.497223963426
584	-0.497223963426
585	-0.478910551941
586	-0.393254488121
587	-0.393254488121
588	-0.393254488121
589	-0.417396463018
590	-0.302967140217
591	-0.384200060177
592	-0.362484093338
593	-0.362484093338
594	-0.361078487817
595	-0.360418021336
596	-0.344594988977
597	-0.330770782974
598	-0.305896083011
599	-0.269508401364
600	-0.254958930863
601	-0.252750675037
602	-0.254958930863
603	-0.260476067709
604	-0.260476067709
605	-0.242561396475
606	-0.242561396475
607	-0.242561396475
608	-0.182701594798
609	-0.182701594798
610	-0.182701594798
611	-0.160920721571
612	-0.138791029236
613	-0.111094533823
614	-0.135402927738
615	-0.111094533823
616	-0.135402927738
617	-0.100200435302
618	-0.100200435302
619	-0.100200435302
620	-0.0775726537593
621	-0.057420880535
622	-0.021060530928
623	-0.021060530928
624	-0.0140618922236
625	-0.041619063158
626	-0.00974692684349
627	-0.0233476342145
628	-0.0233476342145
629	-0.0233476342145
630	0.0908267751771
631	0.0908267751771
632	0.0382926531392
633	0.0382926531392
634	0.0274888806017
635	-0.00778574159638
636	-0.00778574159638
637	0.122398206497
638	0.122398206497
639	0.10363814994
640	0.10363814994
641	0.167664605371
642	0.167664605371
643	0.16325783797
644	0.16325783797
645	0.112221958672
646	0.192230047049
647	0.192230047049
648	0.192230047049
649	0.207710421523
650	0.245124695832
651	0.245124695832
652	0.245124695832
653	0.294328656425
654	0.294328656425
655	0.301514730469
656	0.259780602325
657	0.308112978783
658	0.322983637537
659	0.322983637537
660	0.327903454716
661	0.311009623848
662	0.365854552945
663	0.307005368033
664	0.35620404225
665	0.35620404225
666	0.366275821366
667	0.387990305044
668	0.387990305044
669	0.402057295931
670	0.402057295931
671	0.415121876429
672	0.434187832998
673	0.434187832998
674	0.460360358432
675	0.448626505961
676	0.489583969047
677	0.475923134089
678	0.496385664648
679	0.489908777719
680	0.495642955128
681	0.489908777719
682	0.455673403756
683	0.455673403756
684	0.511425733335
685	0.531526727281
686	0.553791678322
687	0.608783141878
688	0.608783141878
689	0.591962063225
690	0.578237954964
691	0.591962063225
692	0.633993613613
693	0.633993613613
694	0.633228223988
695	0.633228223988
696	0.642665146778
697	0.642665146778
698	0.642027316419
699	0.621164076934
700	0.642027316419
701	0.730579090611
702	0.730579090611
703	0.687223854418
704	0.606967273832
705	0.687223854418
706	0.734983672409
707	0.734983672409
708	0.75796144434
709	0.736215596236
710	0.768865259522
711	0.768865259522
712	0.768865259522
713	0.724738581299
714	0.724738581299
715	0.782896830831
716	0.818435615874
717	0.818435615874
718	0.801597450476
719	0.801597450476
720	0.79801568049
721	0.860434402143
722	0.860434402143
723	0.860434402143
724	0.828561322846
725	0.828561322846
726	0.84906554425
727	0.84906554425
728	0.834613459911
729	0.834613459911
730	0.842117281834
731	0.842117281834
732	0.854835646351
733	0.876035367976
734	0.917147658602
735	0.876035367976
736	0.81137164143
737	0.81137164143
738	0.856216500588
739	0.897282320688
740	0.932664825789
741	0.932664825789
742	0.923094543341
743	0.918297705771
744	0.918297705771
745	0.918297705771
746	0.947975992649
747	0.89554717412
748	0.947975992649
749	0.992235152553
750	0.992235152553
751	0.963557184921
752	0.93346875817
753	0.963557184921
754	1.01277990901
755	1.01277990901
756	1.01278106707
757	0.973676202179
758	0.973676202179
759	0.973676202179
760	0.967828746478
761	1.02446779638
762	1.02413637076
763	1.02446779638
764	1.0430954736
765	1.0430954736
766	1.03548832273
767	0.965464690801
768	0.965464690801
769	0.965464690801
770	0.965953641233
771	0.965953641233
772	0.965953641233
773	0.947515993847
774	0.947515993847
775	0.924223314827
776	0.901408698304
777	0.901408698304
778	0.975115521851
779	0.975115521851
780	0.984991253222
781	0.957069349264
782	1.01970371193
783	1.01970371193
784	1.02471301248
785	1.02471301248
786	1.05208248455
787	0.979693923608
788	1.01706584675
789	0.979693923608
790	0.954133689408
791	0.954133689408
792	1.00957998246
793	1.00957998246
794	0.994341135572
795	0.994341135572
796	1.02770767357
797	1.02770767357
798	0.986809354555
799	0.938450869131
800	0.986809354555
801	0.995297330245
802	1.01254984637
803	1.01254984637
804	1.02216634645
805	0.994976128462
806	0.994976128462
807	0.98602846854
808	0.98602846854
809	0.979349992804
810	0.969519575808
811	0.969519575808
812	0.949286029333
813	0.963415503159
814	0.963415503159
815	0.963415503159
816	0.958493227872
817	0.958493227872
818	0.904356364739
819	0.899842811356
820	0.899842811356
821	0.906694807122
822	0.906694807122
823	0.835466412087
824	0.835466412087
825	0.885623772845
826	0.885623772845
827	0.885623772845
828	0.87868292019
829	0.915939784743
830	0.887994225734
831	0.887994225734
832	0.881969600906
833	0.823587674589
834	0.823587674589
835	0.830686019585
836	0.84648544245
837	0.84648544245
838	0.848446438826
839	0.865608878792
840	0.897621510038
841	0.865608878792
842	0.826034351057
843	0.826034351057
844	0.793555725437
845	0.813572551716
846	0.799792727428
847	0.813572551716
848	0.824376879501
849	0.882535499228
850	0.882535499228
851	0.827762434608
852	0.735187532304
853	0.753822693227
854	0.702196714481
855	0.753822693227
856	0.731282677986
857	0.731282677986
858	0.731282677986
859	0.735570094939
860	0.735570094939
861	0.735570094939
862	0.692461358047
863	0.745658887768
864	0.695068714419
865	0.727353955979
866	0.695068714419
867	0.626303853543
868	0.626303853543
869	0.617047198833
870	0.698280331311
871	0.649669490004
872	0.678577937979
873	0.649669490004
874	0.629846310407
875	0.564812132938
876	0.564697423676
877	0.564697423676
878	0.67337158717
879	0.67337158717
880	0.584287027858
881	0.538036499168
882	0.538036499168
883	0.538036499168
884	0.550650700751
885	0.559879142597
886	0.559879142597
887	0.572446596033
888	0.501059378278
889	0.492766227336
890	0.492766227336
891	0.492766227336
892	0.490304662497
893	0.401979683282
894	0.378393186955
895	0.378393186955
896	0.448528477908
897	0.465136660112
898	0.465136660112
899	0.465136660112
900	0.397548296914
901	0.362855925744
902	0.359672770031
903	0.359672770031
904	0.343450257246
905	0.329480066123
906	0.329480066123
907	0.329480066123
908	0.301096766786
909	0.301096766786
910	0.301096766786
911	0.277331463134
912	0.277331463134
913	0.277331463134
914	0.232886572081
915	0.232886572081
916	0.239052943027
917	0.239052943027
918	0.221334058725
919	0.221334058725
920	0.221334058725
921	0.236352957402
922	0.203440740595
923	0.203440740595
924	0.113990459753
925	0.113990459753
926	0.127156306201
927	0.180126218445
928	0.180126218445
929	0.145885756305
930	0.0842410862352
931	0.105071699439
932	0.0900289716594
933	0.0900289716594
934	-0.00210532661012
935	-0.00210532661012
936	0.0119313616464
937	0.0396450582949
938	0.0396450582949
939	0.0396450582949
940	0.00243428718578
941	-0.0345989666965
942	-0.0345989666965
943	-0.0764336028144
944	-0.0398596749982
945	-0.0398596749982
946	-0.0398596749982
947	-0.0577756153733
948	-0.0577756153733
949	-0.0406533805738
950	-0.0381911162794
951	-0.0406533805738
952	-0.0735178994945
953	-0.156655739192
954	-0.141073629545
955	-0.14726457663
956	-0.14726457663
957	-0.180219129877
958	-0.187841797583
959	-0.187841797583
960	-0.188931065308
961	-0.188931065308
962	-0.188931065308
963	-0.20627697983
964	-0.21330801892
965	-0.220248719873
966	-0.281911389751
967	-0.281911389751
968	-0.31022421351
969	-0.273890304121
970	-0.273890304121
971	-0.270128851523
972	-0.260798384777
973	-0.260798384777
974	-0.260798384777
975	-0.300466344615
976	-0.300466344615
977	-0.268545135981
978	-0.268545135981
979	-0.33738111356
980	-0.377208263066
981	-0.398330793293
982	-0.377208263066
983	-0.37314389071
984	-0.37314389071
985	-0.376630233363
986	-0.437526487585
987	-0.451965336764
988	-0.437526487585
989	-0.493323353568
990	-0.497614019275
991	-0.51640607392
992	-0.497614019275
993	-0.494791521107
994	-0.494791521107
995	-0.469819733987
