0	0.0281965624201
1	0.033430020031
2	0.0352634683394
3	0.0435405942881
4	-0.00198556138504
5	-0.000115171999244
6	0.0226683524307
7	0.111466250206
8	0.126983747979
9	0.121996944859
10	0.116953395968
11	0.126100205927
12	0.153552471741
13	0.112599818799
14	0.0946103826809
15	0.0889966145121
16	0.140472275197
17	0.147087144632
18	0.157278859952
19	0.137691710057
20	0.205760053368
21	0.22693551954
22	0.264623757483
23	0.247738495308
24	0.238165662017
25	0.271669476176
26	0.252314069714
27	0.246967301598
28	0.211849897019
29	0.234458360538
30	0.265475306126
31	0.298479940379
32	0.338631158486
33	0.330585998401
34	0.33850863185
35	0.340451175836
36	0.327611339253
37	0.347614243694
38	0.329843171528
39	0.361518565875
40	0.342579424561
41	0.366035490296
42	0.389702303038
43	0.413131088996
44	0.426184746185
45	0.430841676763
46	0.44542776454
47	0.441226549947
48	0.44206630351
49	0.449215918325
50	0.465238978447
51	0.467709500497
52	0.447924358323
53	0.470212990628
54	0.484066944928
55	0.533199519199
56	0.57559093823
57	0.61652386683
58	0.606283372301
59	0.578872202023
60	0.592120705081
61	0.613613588358
62	0.583610244678
63	0.566077898648
64	0.560855061547
65	0.599701054512
66	0.589483849667
67	0.611894212887
68	0.586176954848
69	0.627769351997
70	0.617008223797
71	0.672550850061
72	0.650274021742
73	0.672144188701
74	0.686098777453
75	0.707442182579
76	0.717473411962
77	0.718443103452
78	0.755940245027
79	0.745555809554
80	0.725595994161
81	0.696807327268
82	0.721573016135
83	0.713849134349
84	0.752012285006
85	0.729615115446
86	0.786555158407
87	0.782218722297
88	0.781732755583
89	0.773628071692
90	0.794253397695
91	0.822606543823
92	0.810169613622
93	0.816201665492
94	0.834981118866
95	0.835552375276
96	0.831293143595
97	0.827480373181
98	0.841483474381
99	0.839163320069
100	0.814694520142
101	0.83883311195
102	0.846637351346
103	0.892247979706
104	0.8741796469
105	0.865842986949
106	0.842272430398
107	0.825931657683
108	0.830691588886
109	0.856112959812
110	0.922767005209
111	0.940665974476
112	0.924810281057
113	0.921514365773
114	0.928487716248
115	0.920621705522
116	0.950279867845
117	0.940187039118
118	0.975068138092
119	0.945792307138
120	0.972610764675
121	0.972782307473
122	0.9584829112
123	0.972364802156
124	0.996113051306
125	1.02320724513
126	0.994703902836
127	0.978617378902
128	0.956837137252
129	0.990356937478
130	1.00194963083
131	1.02996089301
132	0.983202149928
133	0.959042083689
134	0.922586053157
135	0.965335789307
136	0.990772974686
137	1.00107908708
138	0.981243891231
139	0.96334581922
140	0.980580702822
141	1.00281476696
142	1.02759273005
143	1.01473617606
144	1.00889724366
145	0.978822584655
146	0.964771718389
147	0.924993511837
148	0.962158679341
149	0.984222533813
150	0.997328738769
151	0.95410234392
152	0.942423175527
153	0.985674245121
154	1.03495984264
155	1.06615800705
156	1.01786970936
157	1.00215513042
158	1.02200184385
159	1.04098091831
160	1.0207732335
161	0.980233130721
162	0.971831019849
163	0.990654228563
164	1.02451474844
165	1.02559459124
166	1.01188381897
167	0.991686740425
168	0.978208575629
169	0.967558258333
170	0.943284863396
171	1.00757716013
172	1.05417188429
173	1.05290286316
174	0.997304840157
175	0.97595847919
176	1.01538324037
177	1.01840351257
178	0.985724705081
179	0.951311199498
180	0.945100791894
181	0.946522925615
182	0.947118040964
183	0.942561152264
184	0.945960282112
185	0.929633788559
186	0.934838127215
187	0.932388293893
188	0.954777050658
189	0.956466764355
190	0.96933368779
191	0.972082624667
192	0.961896449151
193	0.927049446616
194	0.893344497102
195	0.893343544307
196	0.911138895032
197	0.928370681226
198	0.89587343789
199	0.900944749221
200	0.880386297491
201	0.890761227383
202	0.883981395866
203	0.886491426433
204	0.885617260154
205	0.857701127859
206	0.839167097886
207	0.844612022756
208	0.842096101675
209	0.844766103404
210	0.826302283093
211	0.824399423058
212	0.819731965267
213	0.822449154786
214	0.806985296475
215	0.816305806343
216	0.845678528341
217	0.842564784264
218	0.811675865745
219	0.784946013064
220	0.823971469987
221	0.836172369452
222	0.781000795167
223	0.731165421418
224	0.68389478401
225	0.695446356916
226	0.70806810518
227	0.726156060065
228	0.739985605588
229	0.737562581955
230	0.721321611525
231	0.694119545324
232	0.666050023829
233	0.697860008713
234	0.73065938714
235	0.745921248396
236	0.726152233488
237	0.706368508735
238	0.697506991288
239	0.702704760421
240	0.673131590776
241	0.685396992839
242	0.679869309768
243	0.689971241521
244	0.686194032349
245	0.701685375917
246	0.696899756294
247	0.645358035671
248	0.611651969941
249	0.607616912381
250	0.625644579495
251	0.600102121056
252	0.568512167659
253	0.539079836218
254	0.54016234085
255	0.511762909598
256	0.510553028048
257	0.512383178127
258	0.545892156987
259	0.538381996834
260	0.534061310878
261	0.523764648655
262	0.492953812264
263	0.471485579687
264	0.433555442651
265	0.473232656628
266	0.447766129474
267	0.449645188354
268	0.422224048714
269	0.402729894042
270	0.408189955131
271	0.403821829961
272	0.422845848811
273	0.412752055968
274	0.386590555511
275	0.371280499288
276	0.357202271612
277	0.343606196945
278	0.378963104537
279	0.376383097689
280	0.363406668681
281	0.315838569031
282	0.318616858133
283	0.329217307125
284	0.29977935936
285	0.286799316216
286	0.282010358942
287	0.296505580854
288	0.26173451758
289	0.254819017142
290	0.253731681041
291	0.28139771521
292	0.276528930785
293	0.222489123147
294	0.200559888117
295	0.179983069957
296	0.223041645257
297	0.20131548793
298	0.174485133771
299	0.124530796976
300	0.123939367416
301	0.122356985085
302	0.129078303268
303	0.116005288241
304	0.121324985842
305	0.111281628564
306	0.0920889653631
307	0.0510297038799
308	0.0193878856895
309	0.019364984542
310	0.0348923561041
311	0.0226795141514
312	0.0311905599657
313	0.0035085331546
314	0.00923987272328
315	-0.00872184427199
316	0.0129256507264
317	0.0192859923425
318	-0.0334438523274
319	-0.0732666429567
320	-0.124068699406
321	-0.101240251898
322	-0.102618601911
323	-0.0948353878143
324	-0.0808303475886
325	-0.101544903988
326	-0.101612815806
327	-0.11569935023
328	-0.12051067944
329	-0.116987657693
330	-0.161193269934
331	-0.163426403508
332	-0.191608054061
333	-0.205464124705
334	-0.197588680174
335	-0.205091625501
336	-0.160004582603
337	-0.196456549152
338	-0.212006010231
339	-0.250894639432
340	-0.281259018879
341	-0.28320090773
342	-0.275513579588
343	-0.21794182443
344	-0.248247515568
345	-0.26450771024
346	-0.323860944824
347	-0.310992717774
348	-0.329033536414
349	-0.331767188441
350	-0.311260454334
351	-0.328501435982
352	-0.356410018697
353	-0.393171476935
354	-0.421841970766
355	-0.419528988399
356	-0.43556756506
357	-0.418775044879
358	-0.398303603418
359	-0.410970992939
360	-0.447910762981
361	-0.472080098398
362	-0.452384180031
363	-0.433737222564
364	-0.481720829536
365	-0.502159887321
366	-0.517099365037
367	-0.487828348023
368	-0.505619175274
369	-0.508921341867
370	-0.500864438301
371	-0.506267964229
372	-0.514479602366
373	-0.535054525163
374	-0.559275390501
375	-0.58440326627
376	-0.610638129196
377	-0.620091171712
378	-0.582901833274
379	-0.56696778348
380	-0.548307076718
381	-0.647999886657
382	-0.691254577814
383	-0.697935923284
384	-0.654366058779
385	-0.650349403596
386	-0.661282733365
387	-0.652690753296
388	-0.638770183764
389	-0.671877845562
390	-0.693774537312
391	-0.702883649617
392	-0.68248686912
393	-0.687411433058
394	-0.697064368725
395	-0.717725776418
396	-0.717956412062
397	-0.740228958043
398	-0.743054118995
399	-0.756646785416
400	-0.739073903322
401	-0.758054721142
402	-0.736714835333
403	-0.749761988056
404	-0.76751104323
405	-0.764578571977
406	-0.782925021888
407	-0.770130894352
408	-0.818811816601
409	-0.793590255138
410	-0.79279186124
411	-0.785806918918
412	-0.798901609235
413	-0.783087838651
414	-0.793792066026
415	-0.817869106548
416	-0.871936693278
417	-0.864645103393
418	-0.878474321008
419	-0.871743371362
420	-0.885022613478
421	-0.858024438045
422	-0.848777035252
423	-0.864633797464
424	-0.89463072033
425	-0.890104711608
426	-0.912637885048
427	-0.941199794102
428	-0.972232278296
429	-0.928719335941
430	-0.931021205866
431	-0.92860851553
432	-0.955569845842
433	-0.91409435692
434	-0.917946114923
435	-0.9187773869
436	-0.938652770032
437	-0.900451547096
438	-0.902061069217
439	-0.875025115443
440	-0.900942392874
441	-0.893496880887
442	-0.918011495046
443	-0.962331992761
444	-0.986109048963
445	-0.988145723687
446	-1.00244908077
447	-1.02655828553
448	-1.02889365583
449	-1.00736080144
450	-0.988345893716
451	-0.999574754183
452	-0.9872794364
453	-0.993829593952
454	-0.997359925152
455	-0.987894941935
456	-0.970270529467
457	-0.970901245163
458	-0.955030899691
459	-0.962264271824
460	-0.962707926099
461	-0.966739788117
462	-0.964901939101
463	-0.97797559695
464	-0.993389472162
465	-0.989567615457
466	-0.953029575592
467	-0.962625082072
468	-0.925255142133
469	-0.953685282095
470	-0.956628860808
471	-1.02483956623
472	-1.02450256486
473	-1.01802282424
474	-1.01445842847
475	-1.00358112507
476	-0.995690407934
477	-0.983322305586
478	-1.00757149769
479	-1.0197300631
480	-1.00965846515
481	-1.00333964143
482	-1.0222272914
483	-1.0342312101
484	-1.02136931822
485	-1.00893721363
486	-1.02191825509
487	-1.01324813442
488	-0.993824639572
489	-0.977755398726
490	-0.986211677256
491	-1.020738705
492	-1.02382500376
493	-1.03123583167
494	-1.01005110197
495	-0.981350628241
496	-0.965384690879
497	-0.966779604831
498	-0.986702886868
499	-0.983585396426
500	-0.961039278387
501	-0.934419717182
502	-0.917694433424
503	-0.902341484336
504	-0.923813386938
505	-0.946783373526
506	-0.954640012341
507	-0.940012102193
508	-0.90797143101
509	-0.889947349191
510	-0.892446652274
511	-0.89993201565
512	-0.924482357102
513	-0.951649006927
514	-0.94785227357
515	-0.937441846322
516	-0.890124832823
517	-0.842637289404
518	-0.845118737479
519	-0.810089492334
520	-0.813691722302
521	-0.80875578656
522	-0.840792874631
523	-0.872087820596
524	-0.8601682703
525	-0.856324293232
526	-0.870823411625
527	-0.841104920047
528	-0.867411391491
529	-0.841671269939
530	-0.871376188819
531	-0.855276190888
532	-0.858605370699
533	-0.832617280867
534	-0.803342023261
535	-0.792923795106
536	-0.773719439113
537	-0.755410433065
538	-0.732706711396
539	-0.752661238421
540	-0.759864244842
541	-0.746156727431
542	-0.726125949809
543	-0.731630357065
544	-0.762006733533
545	-0.760671865805
546	-0.749716843667
547	-0.688507953179
548	-0.668153479975
549	-0.635664510646
550	-0.667319299857
551	-0.703126923597
552	-0.716407114898
553	-0.698318046844
554	-0.675077842242
555	-0.659061808134
556	-0.655097555266
557	-0.61876494929
558	-0.643068007514
559	-0.639729770063
560	-0.634148885958
561	-0.609482324846
562	-0.621100026159
563	-0.595984729689
564	-0.589676420299
565	-0.533777364039
566	-0.576107503823
567	-0.561989581277
568	-0.621215239124
569	-0.575335971434
570	-0.54589702473
571	-0.505397672253
572	-0.532867094185
573	-0.560827297946
574	-0.56568415408
575	-0.552864067204
576	-0.507851675809
577	-0.503346177115
578	-0.479267743263
579	-0.487213146004
580	-0.481701057763
581	-0.470732714205
582	-0.438583891853
583	-0.407371499908
584	-0.393082508265
585	-0.406491737575
586	-0.402600685186
587	-0.406791048413
588	-0.385845149412
589	-0.376154354281
590	-0.33809704419
591	-0.362884610501
592	-0.33708988658
593	-0.359035607389
594	-0.332065630928
595	-0.32563354759
596	-0.29260929988
597	-0.304106935353
598	-0.315844685667
599	-0.323320347368
600	-0.305175447576
601	-0.270767463956
602	-0.261764163467
603	-0.216034420536
604	-0.211507265967
605	-0.176476212233
606	-0.205534834178
607	-0.207125245528
608	-0.243166610375
609	-0.236518701316
610	-0.235922637804
611	-0.171914883687
612	-0.139319535387
613	-0.130780996576
614	-0.135061729067
615	-0.121542222882
616	-0.0556897292947
617	-0.0643691974862
618	-0.0514820419038
619	-0.0945081053201
620	-0.0978398315377
621	-0.108672614959
622	-0.0950624244468
623	-0.0835349672076
624	-0.0592305674674
625	-0.0317737436031
626	-0.0222711856919
627	0.0186395748863
628	-0.00806134181844
629	0.0213901298858
630	0.00594265217323
631	0.0270133662409
632	0.00545140115106
633	0.00611608943779
634	0.0191781898269
635	0.0556619833424
636	0.0427788649234
637	0.0793889807409
638	0.0944216286929
639	0.13020362673
640	0.120245675336
641	0.0976188775069
642	0.097254507572
643	0.134533881794
644	0.182710604824
645	0.205215614224
646	0.215961480051
647	0.217088237193
648	0.226600347851
649	0.218576641223
650	0.207068410294
651	0.203472499174
652	0.21224335715
653	0.22451552586
654	0.26955419161
655	0.272775443499
656	0.285652484416
657	0.251205055987
658	0.253680712214
659	0.285374538715
660	0.335618296713
661	0.388697708342
662	0.401659806247
663	0.387486256925
664	0.347663850489
665	0.363357557047
666	0.366934105599
667	0.406020660584
668	0.344121326948
669	0.35761764059
670	0.312119462012
671	0.342822561462
672	0.374308206065
673	0.43423489293
674	0.505926723176
675	0.498344423277
676	0.477110265401
677	0.43083087588
678	0.458107384875
679	0.480516313195
680	0.497148179575
681	0.489245313359
682	0.496439708681
683	0.505479842352
684	0.515254139322
685	0.538898608739
686	0.550227095315
687	0.574534537897
688	0.565853829649
689	0.578388986137
690	0.541856153405
691	0.550829741422
692	0.568156896007
693	0.603275147757
694	0.617908787077
695	0.631185168858
696	0.637209300358
697	0.630728922656
698	0.641580623189
699	0.648080155796
700	0.678926517548
701	0.645870150812
702	0.671506949219
703	0.655057827796
704	0.660281644862
705	0.64380184462
706	0.671589394111
707	0.692054358452
708	0.705657311532
709	0.697672329854
710	0.718513131403
711	0.719378315812
712	0.731224718339
713	0.708241095759
714	0.737123464512
715	0.743976986924
716	0.792618554671
717	0.74837034905
718	0.737785623769
719	0.755702062916
720	0.788782030261
721	0.800697153083
722	0.793002798616
723	0.805290709742
724	0.848042986097
725	0.873651638296
726	0.885191949462
727	0.849241952502
728	0.815299712123
729	0.789414399857
730	0.842001613952
731	0.889327434221
732	0.930992557198
733	0.876242941011
734	0.86947592074
735	0.859970095454
736	0.894664103846
737	0.88230772318
738	0.900691780705
739	0.93718596381
740	0.977373630977
741	0.967786924227
742	0.956587260457
743	0.953125724343
744	0.951308107677
745	0.935956556537
746	0.92185331673
747	0.91646565485
748	0.928069064089
749	0.917109533766
750	0.929102976799
751	0.919353731781
752	0.947458544534
753	0.959631498853
754	0.958337298889
755	0.946884970113
756	0.937487244765
757	0.966869626078
758	0.963087619293
759	0.978334063913
760	0.98136739595
761	0.997407951381
762	0.972362749839
763	0.989885446603
764	0.955295752795
765	0.996204303592
766	0.974856172644
767	0.992220551374
768	1.0168206509
769	1.04084657804
770	1.06683347343
771	1.04407394495
772	1.02941670252
773	0.996127220189
774	0.965443130278
775	0.982069203216
776	1.00853582967
777	1.03852646036
778	1.00793430927
779	1.00262950427
780	1.01795037523
781	1.04105159956
782	1.02485900762
783	1.03973518292
784	1.02632003739
785	1.05493026277
786	1.03730113919
787	1.0297716007
788	1.0478473998
789	1.04884816255
790	1.07273084492
791	1.04348100606
792	1.00556089321
793	0.968423016936
794	0.971679522304
795	1.02103303773
796	1.02366970262
797	1.02966252311
798	1.02539553608
799	1.0543714157
800	1.06056286954
801	1.05185097265
802	1.05182444324
803	1.05428895226
804	1.01008711358
805	1.0118079641
806	1.02895149338
807	1.03845381138
808	1.00913940883
809	0.971556808753
810	0.987212432844
811	1.01677059861
812	1.00261813999
813	0.980987290661
814	0.969440529596
815	0.975124666796
816	0.990378638319
817	0.964162977911
818	0.933419710894
819	0.917186906033
820	0.91783489679
821	0.969764736776
822	0.953326617132
823	0.930691286894
824	0.913723016056
825	0.915917801289
826	0.922243937279
827	0.891555879101
828	0.862080807699
829	0.857284549611
830	0.85239164228
831	0.890193978117
832	0.891429523956
833	0.883331900698
834	0.842306919447
835	0.837763665698
836	0.843204429481
837	0.877558688009
838	0.873109100016
839	0.843334539269
840	0.842466628967
841	0.846576358393
842	0.865267493262
843	0.866345007561
844	0.836128027491
845	0.842845042832
846	0.806848684131
847	0.806439990246
848	0.776469575007
849	0.767212610568
850	0.794566851771
851	0.810971817574
852	0.83677586319
853	0.839013501824
854	0.80271279346
855	0.815666966175
856	0.805276842178
857	0.830709280226
858	0.784457463201
859	0.76248101291
860	0.726271078828
861	0.738370747808
862	0.727218037075
863	0.73468735761
864	0.702944340762
865	0.694384255055
866	0.699939339577
867	0.722274494935
868	0.709462294106
869	0.688508371226
870	0.674310179803
871	0.672957773418
872	0.638323434297
873	0.602151694679
874	0.621566069703
875	0.635454217064
876	0.645716602408
877	0.618747126145
878	0.630523556191
879	0.623834768433
880	0.578632728804
881	0.572960165243
882	0.568750198057
883	0.608650177182
884	0.585625633943
885	0.564463885269
886	0.524882591628
887	0.542040172955
888	0.552772973977
889	0.559726372123
890	0.534609652239
891	0.477655304948
892	0.474989860748
893	0.448633968209
894	0.497450404139
895	0.463685447016
896	0.476736983917
897	0.430264945606
898	0.43138343042
899	0.421421443764
900	0.444116466601
901	0.423667940146
902	0.387807427517
903	0.346391436854
904	0.333996875934
905	0.368156938943
906	0.384206525487
907	0.383534164542
908	0.348788982212
909	0.350578638395
910	0.344565556848
911	0.322034554999
912	0.28214286101
913	0.277319699347
914	0.288185746735
915	0.241052332706
916	0.253191588779
917	0.218771233341
918	0.25181091019
919	0.183178756411
920	0.166644842501
921	0.163627023086
922	0.179645163477
923	0.194826095516
924	0.168529555256
925	0.171904145722
926	0.162017694162
927	0.16328284855
928	0.113345758948
929	0.0582361406921
930	0.0409861324846
931	0.0750326935214
932	0.116444625862
933	0.139326783915
934	0.124759694909
935	0.0991759445703
936	0.0754068821761
937	0.0499950795075
938	0.0540550420119
939	0.00797239429061
940	0.000619467789967
941	-0.0143387275621
942	-0.00629239773043
943	-0.0140449137106
944	-0.0414510972874
945	-0.0511733468373
946	-0.0425124529668
947	-0.0323085395933
948	-0.0411137710295
949	-0.0461023689158
950	-0.0673380618156
951	-0.075638997781
952	-0.116970543809
953	-0.137972317461
954	-0.124534209468
955	-0.12940286791
956	-0.131919734882
957	-0.168815764652
958	-0.184506146463
959	-0.182776336354
960	-0.199683731173
961	-0.16998701506
962	-0.192242334803
963	-0.172210628482
964	-0.207348555595
965	-0.209059586545
966	-0.241996692335
967	-0.272388562428
968	-0.293675859412
969	-0.296935242669
970	-0.314105956347
971	-0.283527105698
972	-0.290890052834
973	-0.268311004938
974	-0.308883811885
975	-0.289415350253
976	-0.329888898257
977	-0.334099947164
978	-0.401607228919
979	-0.363748031091
980	-0.390910129491
981	-0.379484487753
982	-0.396417849526
983	-0.39160043472
984	-0.37598848847
985	-0.378273425388
986	-0.407006964758
987	-0.451187428063
988	-0.465938052573
989	-0.448971400593
990	-0.440869600788
991	-0.449066655975
992	-0.455559570493
993	-0.48617648009
994	-0.495536727732
995	-0.523322266145
996	-0.523245150192
997	-0.541051438727
998	-0.535248670595
999	-0.523944996388
