0	0.0201982306035
1	0.00830493125625
2	0.0530561718557
3	0.0806798447561
4	0.00823001094524
5	0.0404432344008
6	0.0787237238543
7	0.0389257297213
8	0.0913444525113
9	0.148837410648
10	0.0529009516941
11	0.095446678571
12	0.113500418697
13	0.129892569885
14	0.0882070841976
15	0.214714530228
16	0.0852986559704
17	0.169845509476
18	0.2010841367
19	0.203298443486
20	0.187155254446
21	0.232293358411
22	0.287312391752
23	0.248270695723
24	0.192721929237
25	0.216713809409
26	0.125831999422
27	0.258344553132
28	0.292676511789
29	0.27424996197
30	0.258939288122
31	0.28744304766
32	0.37479439363
33	0.312120649779
34	0.34690388347
35	0.300142648969
36	0.365074536513
37	0.233285166559
38	0.39162372726
39	0.368964769634
40	0.338032152422
41	0.387204759403
42	0.434573568664
43	0.44916411413
44	0.376391868974
45	0.411453093339
46	0.555031151237
47	0.417423697272
48	0.493444982239
49	0.524098805545
50	0.51003280736
51	0.584342403883
52	0.526003110826
53	0.515600180472
54	0.498736809616
55	0.556373890255
56	0.480116348853
57	0.620154385779
58	0.568913623548
59	0.482091022683
60	0.537476969094
61	0.569967039097
62	0.67638019424
63	0.611067649767
64	0.606884966226
65	0.643251032728
66	0.656976767544
67	0.573025318325
68	0.599945367722
69	0.588796452477
70	0.648209316856
71	0.617470827447
72	0.722724616229
73	0.674703702144
74	0.701927882969
75	0.631793763847
76	0.730198308128
77	0.732745809984
78	0.734970354482
79	0.740802647241
80	0.711874478467
81	0.756099303807
82	0.767099855778
83	0.731411030974
84	0.775692001966
85	0.707680743359
86	0.737256086179
87	0.810393275144
88	0.783360038665
89	0.730719170126
90	0.792742670219
91	0.755606564051
92	0.819474483839
93	0.690219555912
94	0.819811533655
95	0.78349537461
96	0.846303490366
97	0.842726820544
98	0.783342307275
99	0.86743934127
100	0.890410729861
101	0.819562396279
102	0.826670822338
103	0.821971136639
104	0.887893269058
105	0.925973098826
106	0.849297621916
107	0.85884094849
108	0.829107649794
109	0.926374867465
110	0.888191923388
111	0.932387642787
112	0.85272917188
113	0.792663648018
114	0.866917814353
115	0.964739884842
116	0.808892146979
117	0.778455963788
118	0.977376783931
119	0.996005636856
120	0.941667258749
121	0.998089902213
122	0.984302038637
123	0.894907058469
124	1.05952426996
125	0.975506845428
126	0.986299819858
127	0.990463784332
128	0.982692316741
129	1.03572345965
130	1.00062196903
131	1.02421685996
132	0.943907773119
133	0.950114494478
134	0.930328837696
135	0.987702206497
136	0.990618987786
137	1.00302860214
138	0.957112711406
139	1.00592116175
140	0.973342831332
141	1.08461822378
142	1.02654100006
143	1.03190886015
144	0.987493943318
145	1.06057665743
146	0.993600163098
147	1.1056139123
148	1.05107369612
149	1.07101728838
150	0.880073733648
151	0.981925880898
152	1.00239211573
153	1.10981090122
154	1.0226703566
155	0.989904286895
156	1.04542948075
157	1.01982479469
158	1.04790670019
159	1.0221383694
160	1.00515878806
161	0.994636965412
162	1.03791683214
163	1.02913702294
164	1.00213941259
165	1.02242796993
166	1.00808748861
167	0.895006923245
168	0.970731780051
169	0.998105776285
170	1.03201982985
171	0.990439773583
172	0.919857979044
173	1.08985087533
174	1.01341271208
175	0.929284579578
176	0.853506057619
177	1.0660334503
178	1.11517007452
179	0.993527207731
180	0.957451835731
181	0.915865270797
182	1.02992127445
183	0.926559974619
184	0.914196192481
185	0.89497523843
186	0.957467491745
187	0.898670198533
188	0.919442219676
189	0.876110681971
190	0.995160535119
191	0.900970599211
192	0.962084636139
193	0.936484920705
194	0.895676463342
195	0.931341384787
196	0.855172131509
197	0.916782627251
198	0.943615590917
199	0.964346023248
200	0.903882173186
201	0.979610058062
202	0.982750045435
203	0.911732047365
204	0.910388299947
205	0.852046396329
206	0.905166283869
207	0.816533505185
208	0.845253147684
209	0.852207231646
210	0.786286882852
211	0.879488795231
212	0.87843265532
213	0.857898755064
214	0.891826909671
215	0.813558840142
216	0.761002767289
217	0.83480443038
218	0.836405400362
219	0.81690560232
220	0.801583690312
221	0.722550585141
222	0.915104580005
223	0.828712046305
224	0.784123048065
225	0.835351208399
226	0.786024785135
227	0.797777200262
228	0.760841247443
229	0.815219377728
230	0.79111391965
231	0.694850926337
232	0.655974902833
233	0.740408415157
234	0.612539410194
235	0.689966507081
236	0.762996457336
237	0.579925433998
238	0.686459049104
239	0.685361119692
240	0.763569428592
241	0.726638826907
242	0.711391313347
243	0.695003425318
244	0.558793741648
245	0.643389563176
246	0.674448438883
247	0.575336311778
248	0.615489503712
249	0.717885007295
250	0.508668722583
251	0.628859022295
252	0.632281095465
253	0.666643093191
254	0.601116937157
255	0.562457515013
256	0.614071505784
257	0.50274852262
258	0.594513321714
259	0.48872371145
260	0.447991837882
261	0.549714137251
262	0.44275722015
263	0.423666693266
264	0.568924131764
265	0.461979608199
266	0.458720359971
267	0.432453454077
268	0.534446739777
269	0.48481119907
270	0.479234131099
271	0.393814181
272	0.414983097981
273	0.419802743763
274	0.467509945203
275	0.359255247472
276	0.409304078186
277	0.312582857356
278	0.359837520498
279	0.311064940336
280	0.372201096513
281	0.380665283299
282	0.316569052322
283	0.329039013886
284	0.385555967306
285	0.300124310385
286	0.286795185753
287	0.290742775046
288	0.302459801488
289	0.153892262512
290	0.201360056129
291	0.220383394319
292	0.270821122111
293	0.279385756205
294	0.205842757878
295	0.232688001201
296	0.21462832658
297	0.180280979158
298	0.0674811265886
299	0.16405595977
300	0.183200698383
301	0.142494866533
302	0.0619517997021
303	0.0551109656791
304	0.142304772591
305	0.0142015738033
306	0.121619439549
307	0.102488639421
308	0.10866787668
309	0.0152647989088
310	0.0660350979038
311	0.103195336748
312	-0.0224068485016
313	0.0502030805837
314	-0.0403169137986
315	0.0514356447349
316	-0.00958134536437
317	-0.091283086383
318	-0.0806931888914
319	-0.0615312687431
320	-0.115110312779
321	-0.167470807546
322	-0.155028003972
323	-0.00837333432234
324	-0.0664722268623
325	-0.0915644341086
326	-0.203834471043
327	-0.0968173264691
328	-0.128964090963
329	-0.230212213187
330	-0.0761741518402
331	-0.151120608155
332	-0.232350979732
333	-0.159870116156
334	-0.223218083363
335	-0.199994477242
336	-0.254924226974
337	-0.222658261518
338	-0.24557962342
339	-0.239015393792
340	-0.277162632891
341	-0.233472733539
342	-0.268618771181
343	-0.229674784578
344	-0.333631239602
345	-0.240568536018
346	-0.307932199781
347	-0.338726229832
348	-0.275580958962
349	-0.340255306938
350	-0.381680831774
351	-0.32603716879
352	-0.246979289253
353	-0.422548924588
354	-0.271582522592
355	-0.326728081728
356	-0.390024825085
357	-0.467556525132
358	-0.37481936552
359	-0.431138611896
360	-0.355928683475
361	-0.462648928398
362	-0.512494748077
363	-0.443016157765
364	-0.50457401532
365	-0.467893492975
366	-0.410331221445
367	-0.507722968183
368	-0.519377405988
369	-0.538653457598
370	-0.602680402997
371	-0.530761421284
372	-0.546564894913
373	-0.51329683654
374	-0.571935775588
375	-0.576428077325
376	-0.594757357722
377	-0.582282114011
378	-0.608611875977
379	-0.582887109938
380	-0.642397497813
381	-0.522857211325
382	-0.597680886736
383	-0.673473308561
384	-0.615185286943
385	-0.694161266186
386	-0.708171716838
387	-0.700089419637
388	-0.758652803233
389	-0.678845339273
390	-0.690194355452
391	-0.718816029872
392	-0.634899948051
393	-0.718674721697
394	-0.800052801152
395	-0.712040752456
396	-0.7567263089
397	-0.714231606816
398	-0.759626943455
399	-0.794628526185
400	-0.793923311229
401	-0.811865362613
402	-0.823882683872
403	-0.783072178348
404	-0.805884001205
405	-0.836538339977
406	-0.827345920294
407	-0.784719284694
408	-0.885734360895
409	-0.766578588443
410	-0.71082386569
411	-0.856184471025
412	-0.825083534269
413	-0.801306848911
414	-0.842956366799
415	-0.820409228035
416	-0.878464225149
417	-0.838674732568
418	-0.904712118193
419	-0.845692489594
420	-0.951275499195
421	-0.866839056321
422	-0.858337275982
423	-0.9128601382
424	-0.862858134883
425	-0.837554367221
426	-0.879302079622
427	-0.92870612138
428	-0.909644299111
429	-0.861754037844
430	-0.937554164575
431	-0.935686985523
432	-0.954251050171
433	-0.918230409537
434	-0.982818354109
435	-0.971788653091
436	-1.03966048674
437	-0.93440985521
438	-0.968705344225
439	-0.970699026488
440	-0.906442983104
441	-0.952722191062
442	-0.980983401193
443	-0.936781861648
444	-0.889306989696
445	-0.980821416719
446	-0.922894159076
447	-1.08200046865
448	-1.00697148558
449	-0.958627692403
450	-0.998425176705
451	-1.01952773992
452	-0.998905664475
453	-0.958880052108
454	-0.976967502216
455	-0.948636970409
456	-0.994638720594
457	-0.91767626729
458	-0.99223807255
459	-0.954267661885
460	-0.892730045294
461	-1.10089633459
462	-1.05633290928
463	-1.01417523732
464	-1.00153840057
465	-0.973300799225
466	-1.09629647863
467	-0.957470422611
468	-0.979923228013
469	-0.992599744176
470	-0.943520689575
471	-0.943728763211
472	-0.953693079017
473	-1.12494415869
474	-1.03505906837
475	-1.0862541746
476	-1.0583632087
477	-0.940157329707
478	-1.03059959304
479	-0.927499080178
480	-1.04686272694
481	-0.969906750028
482	-0.938810151288
483	-0.992485868165
484	-1.03248745076
485	-1.03133302527
486	-0.946989793252
487	-0.973319907604
488	-1.02270474865
489	-0.956848433866
490	-1.04414334756
491	-0.905376853181
492	-1.08008311828
493	-0.96635219066
494	-0.968365773738
495	-0.986479601757
496	-0.993969817023
497	-1.00067853556
498	-1.01539907274
499	-0.928747190498
500	-0.864282424432
501	-0.908066489377
502	-0.901433290931
503	-1.09526366256
504	-0.9413417524
505	-1.01917242268
506	-0.927696087145
507	-0.968392399931
508	-0.881249555888
509	-0.902900442814
510	-0.961792168951
511	-0.879798509166
512	-0.867132055967
513	-0.945615456098
514	-0.87996299597
515	-0.933599655554
516	-0.868543664387
517	-1.01227437584
518	-0.845607211523
519	-0.880760235962
520	-0.902831692031
521	-0.807925692918
522	-0.828450160993
523	-0.794779838447
524	-0.84941623862
525	-0.87226618287
526	-0.882186160978
527	-0.837740070494
528	-0.874867604592
529	-0.75853701041
530	-0.788986181539
531	-0.857264188549
532	-0.794304409675
533	-0.801795422611
534	-0.802614459709
535	-0.855189417682
536	-0.799228290589
537	-0.689412216162
538	-0.845751955946
539	-0.7064191153
540	-0.84387368633
541	-0.735995600104
542	-0.715634830686
543	-0.695478736087
544	-0.74027591078
545	-0.745881614889
546	-0.754187218005
547	-0.77616620499
548	-0.707736886489
549	-0.666263311636
550	-0.782502276896
551	-0.650666718989
552	-0.788545278806
553	-0.70632990069
554	-0.665060358776
555	-0.65314899019
556	-0.663884017362
557	-0.71888974076
558	-0.705205246504
559	-0.62671137393
560	-0.639130457789
561	-0.614158111147
562	-0.65448734296
563	-0.65821234304
564	-0.524013512981
565	-0.593750706304
566	-0.605490583954
567	-0.585387807408
568	-0.612365236495
569	-0.66898234092
570	-0.533263190131
571	-0.597524001923
572	-0.57600502213
573	-0.586036889293
574	-0.605781860474
575	-0.523614581913
576	-0.561038222961
577	-0.46876335738
578	-0.411571788019
579	-0.386447273857
580	-0.395713574791
581	-0.446717109959
582	-0.443775672266
583	-0.35464221123
584	-0.497223963426
585	-0.58836996699
586	-0.478910551941
587	-0.387340895806
588	-0.393254488121
589	-0.417396463018
590	-0.275985963975
591	-0.446889837737
592	-0.302967140217
593	-0.384200060177
594	-0.362484093338
595	-0.360418021336
596	-0.361078487817
597	-0.330770782974
598	-0.344594988977
599	-0.305896083011
600	-0.269508401364
601	-0.252750675037
602	-0.254958930863
603	-0.192499921965
604	-0.31987913173
605	-0.260476067709
606	-0.157882930487
607	-0.242561396475
608	-0.256093274782
609	-0.182380449703
610	-0.182701594798
611	-0.25354561003
612	-0.160920721571
613	-0.098512198052
614	-0.138791029236
615	-0.111094533823
616	-0.135402927738
617	-0.0895422708799
618	-0.165099857504
619	-0.100200435302
620	-0.0775726537593
621	-0.137249858864
622	-0.057420880535
623	-0.021060530928
624	-0.0140618922236
625	-0.092768332762
626	0.0752421229979
627	-0.041619063158
628	-0.00974692684349
629	-0.0233476342145
630	-0.0449883690311
631	0.116754296096
632	0.0908267751771
633	0.0382926531392
634	0.0274888806017
635	0.0540013583217
636	-0.00988952995788
637	-0.00778574159638
638	0.133235905559
639	0.122398206497
640	0.0986279009473
641	0.10363814994
642	0.167664605371
643	0.199844349324
644	0.16325783797
645	0.112221958672
646	0.229031439814
647	0.0983303909615
648	0.192230047049
649	0.207710421523
650	0.168250273775
651	0.280595308532
652	0.245124695832
653	0.215587354964
654	0.294328656425
655	0.301514730469
656	0.259780602325
657	0.308112978783
658	0.219282283264
659	0.322983637537
660	0.327903454716
661	0.311009623848
662	0.365854552945
663	0.307005368033
664	0.398392765121
665	0.266562828985
666	0.35620404225
667	0.436694957871
668	0.366275821366
669	0.387990305044
670	0.402057295931
671	0.415121876429
672	0.362295081216
673	0.434187832998
674	0.460360358432
675	0.405435436116
676	0.489583969047
677	0.448626505961
678	0.520289091237
679	0.475923134089
680	0.496385664648
681	0.489908777719
682	0.495642955128
683	0.408466698975
684	0.455673403756
685	0.511425733335
686	0.553791678322
687	0.531526727281
688	0.706482056724
689	0.608783141878
690	0.484624988115
691	0.591962063225
692	0.578237954964
693	0.633993613613
694	0.686850400654
695	0.573471521109
696	0.633228223988
697	0.642665146778
698	0.674319824255
699	0.621164076934
700	0.642027316419
701	0.587491452644
702	0.730579090611
703	0.752545825213
704	0.573572171529
705	0.687223854418
706	0.606967273832
707	0.734983672409
708	0.75796144434
709	0.708881139204
710	0.797436714719
711	0.736215596236
712	0.768865259522
713	0.775403635948
714	0.724738581299
715	0.695352373924
716	0.782896830831
717	0.818435615874
718	0.840117549952
719	0.801597450476
720	0.736632728807
721	0.90029777739
722	0.79801568049
723	0.860434402143
724	0.893025409963
725	0.828561322846
726	0.768629726172
727	0.84906554425
728	0.937737753679
729	0.834613459911
730	0.699197449424
731	0.842117281834
732	0.854835646351
733	0.838636680535
734	1.00625082583
735	0.876035367976
736	0.917147658602
737	0.81137164143
738	0.805540331267
739	0.897282320688
740	0.856216500588
741	0.932664825789
742	1.01203613878
743	0.923094543341
744	0.832996012009
745	0.918297705771
746	0.960470490175
747	0.89554717412
748	0.947975992649
749	0.845015821408
750	0.992235152553
751	1.05338966627
752	0.855052270472
753	0.963557184921
754	0.93346875817
755	1.01277990901
756	1.08933066967
757	0.922636413425
758	1.01278106707
759	0.973676202179
760	0.95645303682
761	1.06620301188
762	0.967828746478
763	1.02446779638
764	1.02413637076
765	1.05775901408
766	1.0430954736
767	1.03548832273
768	0.947843290966
769	0.965464690801
770	1.05937032346
771	0.90511189396
772	0.965953641233
773	0.993002429498
774	0.947515993847
775	0.924223314827
776	1.05918489654
777	0.901408698304
778	0.890791479776
779	0.975115521851
780	0.984991253222
781	0.957069349264
782	1.06384879136
783	0.938430069264
784	1.01970371193
785	1.02471301248
786	1.05208248455
787	0.944173601671
788	1.07058631426
789	0.979693923608
790	1.01706584675
791	0.954133689408
792	0.823666981912
793	1.02895263411
794	1.00957998246
795	0.94841896919
796	0.994341135572
797	1.02770767357
798	1.03222539715
799	0.938450869131
800	0.986809354555
801	0.910130148522
802	0.995297330245
803	1.01254984637
804	1.0321961399
805	0.974840215295
806	1.02216634645
807	0.994976128462
808	0.98602846854
809	0.979349992804
810	1.00019512571
811	0.969519575808
812	0.949286029333
813	1.01126369589
814	0.923178688678
815	0.963415503159
816	1.03886013056
817	0.958493227872
818	0.904356364739
819	0.970656619283
820	0.899842811356
821	0.840041231694
822	0.921143975328
823	0.906694807122
824	0.835466412087
825	0.812743447941
826	0.984886488196
827	0.885623772845
828	0.87868292019
829	0.923903249549
830	0.804053430219
831	0.915939784743
832	0.887994225734
833	0.881969600906
834	0.807848436713
835	0.823587674589
836	0.830686019585
837	0.84648544245
838	0.848446438826
839	0.825667121594
840	0.901132217505
841	0.865608878792
842	0.897621510038
843	0.826034351057
844	0.720508021516
845	0.869562882219
846	0.793555725437
847	0.813572551716
848	0.799792727428
849	0.824376879501
850	0.885393279444
851	0.882535499228
852	0.735187532304
853	0.827762434608
854	0.702196714481
855	0.753822693227
856	0.695394421787
857	0.786692582186
858	0.731282677986
859	0.70342159633
860	0.770539385919
861	0.735570094939
862	0.682987935965
863	0.745658887768
864	0.692461358047
865	0.747917494601
866	0.695068714419
867	0.727353955979
868	0.626303853543
869	0.617047198833
870	0.698280331311
871	0.504908637036
872	0.724664802874
873	0.649669490004
874	0.678577937979
875	0.629846310407
876	0.564812132938
877	0.460290059957
878	0.564697423676
879	0.67337158717
880	0.702829895038
881	0.506720600529
882	0.584287027858
883	0.538036499168
884	0.472546433511
885	0.550650700751
886	0.559879142597
887	0.572446596033
888	0.501059378278
889	0.624803407153
890	0.477999004272
891	0.492766227336
892	0.535767986067
893	0.401979683282
894	0.490304662497
895	0.355701277562
896	0.378393186955
897	0.505826942679
898	0.448528477908
899	0.465136660112
900	0.520176057229
901	0.397548296914
902	0.341242654115
903	0.362855925744
904	0.359672770031
905	0.343450257246
906	0.317688107483
907	0.329480066123
908	0.352402907161
909	0.203670603013
910	0.301096766786
911	0.351080314714
912	0.237226715465
913	0.277331463134
914	0.299071358437
915	0.232886572081
916	0.201151999681
917	0.239052943027
918	0.285379471705
919	0.129304623913
920	0.221334058725
921	0.261009723926
922	0.191723305364
923	0.236352957402
924	0.203440740595
925	0.0842009475692
926	0.113990459753
927	0.127156306201
928	0.180126218445
929	0.266726456891
930	0.0842410862352
931	0.145885756305
932	0.0190686560659
933	0.105071699439
934	0.0900289716594
935	-0.00210532661012
936	-0.00290837475647
937	0.0754259548998
938	0.0119313616464
939	0.0396450582949
940	0.0782297341063
941	0.00243428718578
942	-0.0345989666965
943	-0.0768410518275
944	0.0399785296113
945	-0.0764336028144
946	-0.0398596749982
947	-0.0292674672302
948	-0.0577756153733
949	-0.0699739355451
950	-0.0136827411836
951	-0.0406533805738
952	-0.0381911162794
953	-0.23005969472
954	-0.0735178994945
955	-0.156655739192
956	-0.141073629545
957	-0.14726457663
958	-0.26357140599
959	-0.180219129877
960	-0.187841797583
961	-0.229230380177
962	-0.188931065308
963	-0.15865785166
964	-0.21330801892
965	-0.20627697983
966	-0.220248719873
967	-0.281911389751
968	-0.323234711441
969	-0.221896570106
970	-0.31022421351
971	-0.273890304121
972	-0.245479329265
973	-0.270128851523
974	-0.260798384777
975	-0.247346187271
976	-0.300466344615
977	-0.426569883732
978	-0.257679652828
979	-0.268545135981
980	-0.33738111356
981	-0.419279145373
982	-0.377208263066
983	-0.398330793293
984	-0.361597158435
985	-0.37314389071
986	-0.376630233363
987	-0.451965336764
988	-0.437526487585
989	-0.493323353568
990	-0.416555244769
991	-0.51640607392
992	-0.497614019275
993	-0.575880923025
994	-0.494791521107
995	-0.430023294338
996	-0.519176750513
997	-0.469819733987
998	-0.556121959165
999	-0.50609138738
